fp2_colordepth: 0.00419111411709
encoding: 0.00175609655613
fp2_opendatabase: 0.0
jsFonts: 0.0256917097823
accept: 0.0553960057816
localstorage: 0.00179987022395
browserfingerprint: 0.241787716594
plugins: 0.00492153355466
gpuimgs: 0.167205969698
fp2_pixelratio: 0.00433530972874
inc: 0.0
fp2_addbehavior: 0.0
langsdetected: 0.000823974923696
timezone: 0.0447384051279
fp2_cpuclass: 5.92231976407e-05
gpu: 0.000446319750336
fp2_liedbrowser: 0.0558963988863
httpheaders: 0.0764571481541
cpucores: 0.0
IP: 0.145083101304
WebGL: 0.0
cookie: 0.00122823762064
agent: 0.0902055130789
ipregion: 0.0758434584974
canvastest: 0.0166125360918
language: 0.00276374922323
fp2_liedresolution: 0.0579752189542
fp2_liedlanguages: 0.057007906726
ipcity: 0.108380168297
audio: 0.0153903066217
fp2_liedos: 0.0560783600152
ipcountry: 0.00598669280498

