fp2_colordepth: 0.00419121844033
encoding: 0.00175614026806
fp2_opendatabase: 0.0
jsFonts: 0.0257000742454
accept: 0.0554016763157
localstorage: 0.00179991502547
browserfingerprint: 0.241802318345
plugins: 0.00492251438773
gpuimgs: 0.167209273382
dybrowserid: 0.105795863715
fp2_pixelratio: 0.00433885095553
uniquelabel: 0.306243052903
inc: 0.0
index: 0.306243052903
langsdetected: 0.000823995433692
browserid: 0.0
label: 0.306243052903
timezone: 0.0447412353923
fp2_cpuclass: 5.92246717966e-05
latitude: 0.108436940745
gpu: 0.000446330859916
fp2_liedbrowser: 0.0559012235474
httpheaders: 0.0764642012609
cpucores: 0.0
fp2_addbehavior: 0.0
IP: 0.145092720945
WebGL: 0.0
time: 0.30413413959
cookie: 0.00122826819335
agent: 0.0902223500178
clientid: 0.0
ipregion: 0.0758496379999
canvastest: 0.0166138079318
language: 0.00276639300291
longitude: 0.108417199188
fp2_liedresolution: 0.0579800953603
deviceid: 0.0
fp2_liedlanguages: 0.0570127590543
ipcity: 0.108390591002
audio: 0.0153932646957
os: 0.0
fp2_liedos: 0.0560857641914
ipcountry: 0.00598684182292
browser: 0.0
